10
11.47258 15.68089 19.81587 20.46488 16.69755 13.67913  9.34310 15.42630  4.17001  8.86640
 6.86475  8.47484 18.33342 18.89910 16.84499  8.03080 12.71443  7.24999  2.45416  3.71746
 7.17588 14.81072 18.52506 12.93038  4.49836 14.66573  6.26961 11.28853 20.86488 17.35179
 7.82302 13.96514  8.09495  9.92380 19.88673 10.45025 20.76914 17.95179  8.47391  2.08674
 8.27930  4.50843  5.50351  6.41913 14.04895 18.64196 11.80184  2.77801  8.91026  1.51138
 4.24175  5.72388 19.33675  6.37809  2.76781 10.38908  1.38666 10.44403  3.25101  9.68116
12.71178  3.30060  6.82416  2.28895  3.48786  3.46517 13.58082  6.86097  4.43186 19.99190
 6.10155  6.89865  5.35233  8.94686  4.24621  6.36152  6.18289  4.24479  7.55931 17.41475
 6.35132  1.70580 17.93717 15.47057 19.71507 12.04744  6.44495 11.23875 14.53124 15.80075
 7.48797  9.13445 15.61744  5.20036 17.95183  7.84896 20.48788  8.81925  2.69463  8.48833
13.88487 14.13340 15.99624 15.15777  6.54637 13.48959  7.74764 17.07711  8.64606 10.78048
