20
 9 13  5  1  9 15 20 19  8  9  8  1  6 11 11 12  9  7  8  1
 5 10 17  1 13  1 11  9  6 15 17 13 16 15  4  9 15 12 10  1
 4 16 19  4  5  6  7 12 14 14  2 11  1  7 16  5  6 20 18  9
13  4 14 21  7  5  9 11 18  1 14 11  1 10  1  9 14  3 21  2
 6  3 11  2 13 16  5  5 18 16  1 17 13  1 17 14 19 10 15 11
10 18 14 16 11 14  9  4  6  2 16 17 21 20  3  6 16  6 14  3
17 16  4  8 17 14 19 17 12 16  4 14 20 16 16 20 19 10  6 15
 3  3  6  2 19  7 15  7  3 11  4  2  1 15 12 21 12  5  5 13
 7  9 16 13 15  4  8  2 17 18 16 14 17 15 17  7 19 10 14 20
 3  2 18  3  3 10 12 19  9 21  5  5 11  6  8 16 10  4  2 11
17 15 10 14  7 19 16  2  5  7  4 12 11 11 17 20 12  6 21  7
 8  9  3  6 10 16  5 18 21  2 14 21 18  2 19 13 20 20  8  1
20 18 12  4 16  8 17 20 10  9 15 12  2 10  5 18 17 16  1  4
16  6 14  4 19  5 11 14 14  1 11 15  7 18  2 20  9  8 21 15
 7 21  3 17  7 12 20 19  6  8 19  7 11 20  5 13  8 16  1  6
17 20  1 12 17 10  2  1 13  5  3  3 10 16  8 20 13 19  8 14
19 13 18 12 21  1  5 13  7  9  2  1  1 19 16 19  3  8  1  2
21 10  9  7  4 17 16  2  1 13  3 11  6  5  7 15 20 15  2 14
11  5  1  2 18  5  1 13  1 13  6  3  1  8 21 10  8 10 15  2
19  1 16  7 20  8  1 11 20  1  5 13  5 11 19 13 19  4  2  5
21 18 10 17  3 13 15  1 18  9 14 10  4  8  2  9 15 18 10  5
